1.1 1 0.55
1.1 1 0.6
1.1 1 0.65
1.1 1 0.7
1.1 1 0.75
1.1 1 0.8
1.1 1 0.85
1.1 1 0.9
1.1 1 0.95
1.1 1 1.0
1.1 1 1.05
1.1 1 1.1
1.1 1 1.15
1.1 1 1.2
1.2 1 0.55
1.2 1 0.6
1.2 1 0.65
1.2 1 0.7
1.2 1 0.75
1.2 1 0.8
1.2 1 0.85
1.2 1 0.9
1.2 1 0.95
1.2 1 1.0
1.2 1 1.05
1.2 1 1.1
1.2 1 1.15
1.2 1 1.2
1.3 1 0.55
1.3 1 0.6
1.3 1 0.65
1.3 1 0.7
1.3 1 0.75
1.3 1 0.8
1.3 1 0.85
1.3 1 0.9
1.3 1 0.95
1.3 1 1.0
1.3 1 1.05
1.3 1 1.1
1.3 1 1.15
1.3 1 1.2
1.4 1 0.55
1.4 1 0.6
1.4 1 0.65
1.4 1 0.7
1.4 1 0.75
1.4 1 0.8
1.4 1 0.85
1.4 1 0.9
1.4 1 0.95
1.4 1 1.0
1.4 1 1.05
1.4 1 1.1
1.4 1 1.15
1.4 1 1.2
1.5 1 0.55
1.5 1 0.6
1.5 1 0.65
1.5 1 0.7
1.5 1 0.75
1.5 1 0.8
1.5 1 0.85
1.5 1 0.9
1.5 1 0.95
1.5 1 1.0
1.5 1 1.05
1.5 1 1.1
1.5 1 1.15
1.5 1 1.2
1.6 1 0.55
1.6 1 0.6
1.6 1 0.65
1.6 1 0.7
1.6 1 0.75
1.6 1 0.8
1.6 1 0.85
1.6 1 0.9
1.6 1 0.95
1.6 1 1.0
1.6 1 1.05
1.6 1 1.1
1.6 1 1.15
1.6 1 1.2
1.7 1 0.55
1.7 1 0.6
1.7 1 0.65
1.7 1 0.7
1.7 1 0.75
1.7 1 0.8
1.7 1 0.85
1.7 1 0.9
1.7 1 0.95
1.7 1 1.0
1.7 1 1.05
1.7 1 1.1
1.7 1 1.15
1.7 1 1.2
1.8 1 0.55
1.8 1 0.6
1.8 1 0.65
1.8 1 0.7
1.8 1 0.75
1.8 1 0.8
1.8 1 0.85
1.8 1 0.9
1.8 1 0.95
1.8 1 1.0
1.8 1 1.05
1.8 1 1.1
1.8 1 1.15
1.8 1 1.2
1.9 1 0.55
1.9 1 0.6
1.9 1 0.65
1.9 1 0.7
1.9 1 0.75
1.9 1 0.8
1.9 1 0.85
1.9 1 0.9
1.9 1 0.95
1.9 1 1.0
1.9 1 1.05
1.9 1 1.1
1.9 1 1.15
1.9 1 1.2
2.0 1 0.55
2.0 1 0.6
2.0 1 0.65
2.0 1 0.7
2.0 1 0.75
2.0 1 0.8
2.0 1 0.85
2.0 1 0.9
2.0 1 0.95
2.0 1 1.0
2.0 1 1.05
2.0 1 1.1
2.0 1 1.15
2.0 1 1.2
