1.1 1 0.05
1.1 1 0.10
1.1 1 0.15
1.1 1 0.20
1.1 1 0.25
1.1 1 0.30
1.1 1 0.35
1.1 1 0.40
1.1 1 0.45
1.1 1 0.50
1.2 1 0.05
1.2 1 0.10
1.2 1 0.15
1.2 1 0.20
1.2 1 0.25
1.2 1 0.30
1.2 1 0.35
1.2 1 0.40
1.2 1 0.45
1.2 1 0.50
1.3 1 0.05
1.3 1 0.10
1.3 1 0.15
1.3 1 0.20
1.3 1 0.25
1.3 1 0.30
1.3 1 0.35
1.3 1 0.40
1.3 1 0.45
1.3 1 0.50
1.4 1 0.05
1.4 1 0.10
1.4 1 0.15
1.4 1 0.20
1.4 1 0.25
1.4 1 0.30
1.4 1 0.35
1.4 1 0.40
1.4 1 0.45
1.4 1 0.50
1.5 1 0.05
1.5 1 0.10
1.5 1 0.15
1.5 1 0.20
1.5 1 0.25
1.5 1 0.30
1.5 1 0.35
1.5 1 0.40
1.5 1 0.45
1.5 1 0.50
1.6 1 0.05
1.6 1 0.10
1.6 1 0.15
1.6 1 0.20
1.6 1 0.25
1.6 1 0.30
1.6 1 0.35
1.6 1 0.40
1.6 1 0.45
1.6 1 0.50
1.7 1 0.05
1.7 1 0.10
1.7 1 0.15
1.7 1 0.20
1.7 1 0.25
1.7 1 0.30
1.7 1 0.35
1.7 1 0.40
1.7 1 0.45
1.7 1 0.50
1.8 1 0.05
1.8 1 0.10
1.8 1 0.15
1.8 1 0.20
1.8 1 0.25
1.8 1 0.30
1.8 1 0.35
1.8 1 0.40
1.8 1 0.45
1.8 1 0.50
1.9 1 0.05
1.9 1 0.10
1.9 1 0.15
1.9 1 0.20
1.9 1 0.25
1.9 1 0.30
1.9 1 0.35
1.9 1 0.40
1.9 1 0.45
1.9 1 0.50
2.0 1 0.05
2.0 1 0.10
2.0 1 0.15
2.0 1 0.20
2.0 1 0.25
2.0 1 0.30
2.0 1 0.35
2.0 1 0.40
2.0 1 0.45
2.0 1 0.50
2.1 1 0.05
2.1 1 0.10
2.1 1 0.15
2.1 1 0.20
2.1 1 0.25
2.1 1 0.30
2.1 1 0.35
2.1 1 0.40
2.1 1 0.45
2.1 1 0.50
2.2 1 0.05
2.2 1 0.10
2.2 1 0.15
2.2 1 0.20
2.2 1 0.25
2.2 1 0.30
2.2 1 0.35
2.2 1 0.40
2.2 1 0.45
2.2 1 0.50
2.3 1 0.05
2.3 1 0.10
2.3 1 0.15
2.3 1 0.20
2.3 1 0.25
2.3 1 0.30
2.3 1 0.35
2.3 1 0.40
2.3 1 0.45
2.3 1 0.50
2.4 1 0.05
2.4 1 0.10
2.4 1 0.15
2.4 1 0.20
2.4 1 0.25
2.4 1 0.30
2.4 1 0.35
2.4 1 0.40
2.4 1 0.45
2.4 1 0.50
2.5 1 0.05
2.5 1 0.10
2.5 1 0.15
2.5 1 0.20
2.5 1 0.25
2.5 1 0.30
2.5 1 0.35
2.5 1 0.40
2.5 1 0.45
2.5 1 0.50
2.6 1 0.05
2.6 1 0.10
2.6 1 0.15
2.6 1 0.20
2.6 1 0.25
2.6 1 0.30
2.6 1 0.35
2.6 1 0.40
2.6 1 0.45
2.6 1 0.50
2.7 1 0.05
2.7 1 0.10
2.7 1 0.15
2.7 1 0.20
2.7 1 0.25
2.7 1 0.30
2.7 1 0.35
2.7 1 0.40
2.7 1 0.45
2.7 1 0.50
2.8 1 0.05
2.8 1 0.10
2.8 1 0.15
2.8 1 0.20
2.8 1 0.25
2.8 1 0.30
2.8 1 0.35
2.8 1 0.40
2.8 1 0.45
2.8 1 0.50
2.9 1 0.05
2.9 1 0.10
2.9 1 0.15
2.9 1 0.20
2.9 1 0.25
2.9 1 0.30
2.9 1 0.35
2.9 1 0.40
2.9 1 0.45
2.9 1 0.50
3.0 1 0.05
3.0 1 0.10
3.0 1 0.15
3.0 1 0.20
3.0 1 0.25
3.0 1 0.30
3.0 1 0.35
3.0 1 0.40
3.0 1 0.45
3.0 1 0.50
3.1 1 0.05
3.1 1 0.10
3.1 1 0.15
3.1 1 0.20
3.1 1 0.25
3.1 1 0.30
3.1 1 0.35
3.1 1 0.40
3.1 1 0.45
3.1 1 0.50
3.2 1 0.05
3.2 1 0.10
3.2 1 0.15
3.2 1 0.20
3.2 1 0.25
3.2 1 0.30
3.2 1 0.35
3.2 1 0.40
3.2 1 0.45
3.2 1 0.50
3.3 1 0.05
3.3 1 0.10
3.3 1 0.15
3.3 1 0.20
3.3 1 0.25
3.3 1 0.30
3.3 1 0.35
3.3 1 0.40
3.3 1 0.45
3.3 1 0.50
3.4 1 0.05
3.4 1 0.10
3.4 1 0.15
3.4 1 0.20
3.4 1 0.25
3.4 1 0.30
3.4 1 0.35
3.4 1 0.40
3.4 1 0.45
3.4 1 0.50
3.5 1 0.05
3.5 1 0.10
3.5 1 0.15
3.5 1 0.20
3.5 1 0.25
3.5 1 0.30
3.5 1 0.35
3.5 1 0.40
3.5 1 0.45
3.5 1 0.50
3.6 1 0.05
3.6 1 0.10
3.6 1 0.15
3.6 1 0.20
3.6 1 0.25
3.6 1 0.30
3.6 1 0.35
3.6 1 0.40
3.6 1 0.45
3.6 1 0.50
3.7 1 0.05
3.7 1 0.10
3.7 1 0.15
3.7 1 0.20
3.7 1 0.25
3.7 1 0.30
3.7 1 0.35
3.7 1 0.40
3.7 1 0.45
3.7 1 0.50
3.8 1 0.05
3.8 1 0.10
3.8 1 0.15
3.8 1 0.20
3.8 1 0.25
3.8 1 0.30
3.8 1 0.35
3.8 1 0.40
3.8 1 0.45
3.8 1 0.50
3.9 1 0.05
3.9 1 0.10
3.9 1 0.15
3.9 1 0.20
3.9 1 0.25
3.9 1 0.30
3.9 1 0.35
3.9 1 0.40
3.9 1 0.45
3.9 1 0.50
4.0 1 0.05
4.0 1 0.10
4.0 1 0.15
4.0 1 0.20
4.0 1 0.25
4.0 1 0.30
4.0 1 0.35
4.0 1 0.40
4.0 1 0.45
4.0 1 0.50
